0 4096766 0 124721112 0 44185078 0 0 0 41985565 0 364744 0 -26096595 0 61058806 0 54388766 0 -84806028 0 0 0 -74805286 0 51368071 0 -22485350 0 -127836803 0 -7038975 0 
32297243 0 0 0 -47580677 0 83175602 0 81430495 0 2524252 0 24356314 0 27448002 0 0 0 -80139794 0 -89736422 0 -5133848 0 -31737046 0 45547534 0 -120857518 0 0 0 73724135 0 
-123987814 0 25959181 0 8690356 0 53214524 0 109239177 0 0 0 25269190 0 46132496 0 -113272697 0 123284234 0 -72881236 0 -9938131 0 0 0 -43496484 0 25490805 0 6602857 0 
-96291527 0 -44399454 0 100910898 0 0 0 -85441790 0 -86899242 0 11951970 0 67611498 0 11234166 0 70612 0 0 0 95279337 0 26917523 0 102600633 0 666624 0 1190752 0 295148 0 0 
0 1020191 0 1378204 0 1728216 0 1023493 0 484124 0 841756 0 0 0 1392301 0 524637 0 1185545 0 1834134 0 1353693 0 1849501 0 0 0 1676781 0 1583182 0 1950212 0 500253 0 1449959
0 1903476 0 0 0 1204214 0 1044956 0 153797 0 1044321 0 1490980 0 1570990 0 0 0 9144 0 1395603 0 1201801 0 607822 0 1596136 0 653796 0 0 0 1751965 0 284734 0 1570990 0 
1445768 0 617093 0 752094 0 0 0 326517 0 771398 0 1197356 0 1390904 0 662559 0 1622298 0 0 0 10033 0 1791589 0 1446149 0 314198 0 958469 0 868680 0 0 0 1845691 0 838327 0 
1440815 0 1726057 0 2794 0 2159 0 0 0 2286 0 6731 0 10414 0 10922 0 13843 0 7874 0 0 0 4953 0 10287 0 6096 0 7747 0 12827 0 15240 0 0 0 7239 0 13081 0 7747 0 12065 0 6096 0 
9906 0 0 0 8382 0 10287 0 8382 0 5588 0 9398 0 10922 0 0 0 4572 0 6350 0 7366 0 14732 0 3048 0 7112 0 0 0 6858 0 6096 0 15240 0 7620 0 7747 0 11176 0 0 0 11303 0 15113 0 
5715 0 6223 0 4572 0 8509 0 0 0 5842 0 3429 0 5715 0 2921 0 14097 0 5080 0 0 0 12065 0 4191 0 2032 0 8001
