0 17584903385461599 0 24175628583355808 0 -28183042556027962 0 0 0 14027535096698055 0 23597989653730593 0 31961780387216382 0 -17331255805071211 0 6970751520241492 0 
-15115676970952626 0 0 0 -30470263262749231 0 19233657255676118 0 -26430758653288832 0 -20278184640447117 0 4514544032012496 0 -22885121272194617 0 0 0 29563133161231376 0 
-30680125789754351 0 4777071823475548 0 -13110344811376427 0 -13961838039944349 0 10459043629193105 0 0 0 -4497763487893565 0 -21655903810501234 0 20654766090713876 0 
20144011279345557 0 345019860929561 0 -6382417913623911 0 0 0 7950831326999345 0 -10961020310430267 0 9661151400914078 0 -13120251513269232 0 32211908921231999 0 8700688211412244 0 0
0 -27785530900482378 0 1433280078770025 0 -10039620086000467 0 13844048522161778 0 32794574851344341 0 609611897801706 0 0 0 -11347669054450511 0 -28636303923323709 0 
5060596175436124 0 28056399036042585 0 14516576368011067 0 8112087788903607 0 0 0 -13457073174771374 0 18171453058833109 0 -12707906255644404 0 32465387023105236 0 -10935588268618176
0 -4030769269560527 0 0 0 10817346350552955 0 -55134745319697 0 -5755296655950723 0 216564358211922 0 130438154961878 0 526559931797385 0 0 0 270193146850624 0 73169248423847 0 
138768927595194 0 117678108243516 0 211843753649593 0 236521234566059 0 0 0 230307300978457 0 322926131304815 0 24053648514654 0 219329301879889 0 61217345803824 0 473833221579820 0 
0 0 266677013142240 0 453476315114517 0 530016647050311 0 118082423686979 0 22370881379433 0 309267286276484 0 0 0 455054150546597 0 112110129387624 0 129138290755541 0 
209865024142366 0 492402329208358 0 328540919872142 0 0 0 52440625565580 0 141525723181414 0 352104936280464 0 482346788952194 0 360546540943449 0 33905970553049 0 0 0 
247304512103093 0 295473716762713 0 89376407481270 0 334360355043129 0 381763996139518 0 175017918181015 0 0 0 429697669628088 0 333787456982298 0 187605279771164 0 140589299885227 0
120938885900764 0 431532914072019 0 0 0 231128921788349 0 519375951122449 0 442780890834085 0 505366568191055 0 442981068749324 0 143741097185125 0 0 0 300044919406929 0 
526231684341105 0 328577331547731 0 250707261423946 0 656598751316 0 4132640992766 0 0 0 1248356489185 0 4160038909141 0 4130982376576 0 1408978588438 0 3465697973848 0 3125173225511
0 0 0 1439654827695 0 2154760617445 0 560313591080 0 1444880234567 0 616157578452 0 1551285405297 0 0 0 1314855054562 0 3618806638928 0 2420663440096 0 2671035861118 0 3325517723983 
0 3702393524713 0 0 0 539805586757 0 2154521324045 0 481364823273 0 3748458684932 0 3138521279333 0 523514694015 0 0 0 3929859935286 0 3148845993126 0 265217981120 0 1330672705045 0 
894537364084 0 2614570507704 0 0 0 185841304593 0 529707606064 0 1098096695725 0 2072554638093 0 1844875248901 0 4009702749692 0 0 0 1283020772028 0 1202034148124 0 3494094057772 0 
3303809877889 0 1567281129719 0 829470175829 0 0 0 1566368576299 0 2896408305089 0 3182699165704 0 2666378674344 0 945475616919 0 662320388717 0 0 0 2316189984959 0 1178873248167 0 
1789457756866 0 3279632060738 0 2938909032 0 3153622725 0 0 0 26546716147 0 12053172363 0 14615666476 0 21963098441 0 23562205733 0 12485587170 0 0 0 23705791806 0 28024518373 0 
7924694590 0 17826907577 0 4143678530 0 25909224788 0 0 0 13526588771 0 24617748961 0 15728732830 0 907569940 0 11164160552 0 28972140811 0 0 0 12537620340 0 12721158708 0 8756136412
0 18460048043 0 22970048040 0 17666396722 0 0 0 31378006840 0 19993635400 0 8092369769 0 7761965045 0 23249791067 0 25363879676 0 0 0 11864857271 0 27194815054 0 14309979381 0 
5465193921 0 23506912092 0 3425112530 0 0 0 24625154712 0 6547963536 0 17466387216 0 24122695722 0 6711462066 0 7531091745 0 0 0 29121580949 0 13402575430 0 6141810043 0 2597251219 0
16428430821 0 2200035732 0 0 0 9317892464 0 1262378730 0 21307945446 0 23562394582 0 2282253500 0 145161000 0 0 0 51822096 0 163105465 0 3452495 0 4728083 0 199020557 0 233332401 0 0
0 58329703 0 76222479 0 173956980 0 48679989 0 112001427 0 58988833 0 0 0 136030462 0 75503913 0 26643584 0 105645585 0 242497483 0 246443373 0 0 0 85214460 0 235879005 0 240790730 0
81901284 0 150705058 0 123279535 0 0 0 200916667 0 1950085 0 43860212 0 39711630 0 152158700 0 34617152 0 0 0 202597131 0 67361308 0 39280084 0 208575529 0 254095631 0 93109415 0 0 0
25212421 0 199691371 0 114840004 0 73585070 0 175722661 0 154411934 0 0 0 168290748 0 53769260 0 152116409 0 236251369 0 229252399 0 165876097 0 0 0 24632539 0 200038716 0 81406492 0
52100226 0 41903142 0 676021 0 0 0 2040509 0 1265682 0 1248791 0 514477 0 886079 0 1265174 0 0 0 220599 0 1138428 0 459486 0 1841627 0 1728343 0 2007108 0 0 0 1648206 0 799084 0 
1659763 0 470027 0 512445 0 1403477 0 0 0 1789557 0 1946656 0 1595247 0 235712 0 1332103 0 2035048 0 0 0 1869313 0 1938909 0 554736 0 248539 0 1478534 0 510413 0 0 0 1435608 0 
1710563 0 1800225 0 1468755 0 1310640 0 1154176 0 0 0 1187577 0 662940 0 1497838 0 1780921 0 390779 0 1421765 0 0 0 1873123 0 794131 0 1166749 0 958723 0 725678 0 251079 0 0 0 
1923923 0 265303 0 64262 0 974344 0 967740 0 1870964 0 0 0 5334 0 14605 0 3302 0 15240 0 1651 0 2032 0 0 0 8509 0 8255 0 11938 0 15621 0 635 0 762 0 0 0 10922 0 15113 0 9017 0 8763 0
8763 0 9398 0 0 0 6223 0 10795 0 1905 0 6223 0 3556 0 8128 0 0 0 10668 0 1270 0 11811 0 5334 0 1143 0 13589 0 0 0 8890 0 11176 0 8382 0 12827 0 15621 0 8001 0 0 0 14478 0 10414 0 
13716 0 8636 0 9906 0 15113 0 0 0 2032 0 8128 0 6096 0 3175 0 10922 0 10668 0 0 0 7366 0 9398 0 15494 0 2667
