0 673511306237603716 0 1016675803965932945 0 -905251821088116715 0 242967424439692337 0 -509134721043708587 0 554088560431114816 0 -1030526905758084469 0 -782256673972638614
0 118264108395617292 0 62021043192580853 0 31412005960026091 0 119572693411756613 0 80945570477065733 0 75091096500885432 0 7819368468048016 0 146694155802686610 0 
49633244942199702 0 4144693464046955 0 4266136007542097 0 6019570654862075 0 4230594410261556 0 2903903807300985 0 8149838989067163 0 9276303246045944 0 7748141358365338 0 
26752425007573 0 58686924419781 0 492324784259833 0 449384491060632 0 38526112754937 0 104208398418610 0 209775269113894 0 196899057295932 0 28268103660275 0 15704582614168 
0 25056007262941 0 29192179775098 0 10150572771286 0 1831197062046 0 24103553405594 0 2548710927485 0 11591918721178 0 1051498491004 0 126756478259 0 918790849877 0 
1840605718013 0 1344058193866 0 1056406728879 0 136052367854 0 1036273501073 0 1507464601321 0 29915278097 0 13122662593 0 92470909794 0 71260007958 0 103043841429 0 
28251422205 0 72103773803 0 97564963092 0 6173235398 0 1373368460 0 808321729 0 20534606 0 775401025 0 5196298812 0 4655953574 0 4807187852 0 1711717233 0 141441224 0 
310360568 0 243143792 0 304059246 0 270505275 0 177467097 0 340579853 0 339820072 0 15660774 0 10702537 0 458932 0 21870738 0 9732398 0 11045002 0 23628929 0 15722467 0 
7325861 0 458932 0 586670 0 808639 0 715309 0 158661 0 510374 0 1096755 0 1291541 0 16898 0 23987 0 56763 0 42840 0 69938 0 43350 0 7514 0 32079 0 39015 0 3757 0 4726 0 1258
0 4335 0 1445 0 2890 0 2601 0 1445 0 238 0 255 0 68
