0 9365207076 0 3760266673 0 8370263041 0 0 0 -3334964628 0 2409162314 0 -10333603412 0 -15309705093 0 7903207079 0 3485179847 0 0 0 7161726215 0 -14581826691 0 11328844373 0 
3033748441 0 5718492246 0 -16159360112 0 0 0 1958266340 0 -1343283953 0 -5404949566 0 6051126836 0 15589818452 0 14275641883 0 0 0 -11556689231 0 -14774220642 0 -10417986911 0 
-5437446961 0 -11503736962 0 -12815977035 0 0 0 -12005331590 0 6871720826 0 -3821208385 0 15137127714 0 -14035539112 0 6090952004 0 0 0 14057242523 0 16280326596 0 10256940243 0 
-10662034048 0 -13375359076 0 -15939536828 0 0 0 6269320075 0 -12977290403 0 -122142377 0 -13510218598 0 -13920151611 0 8583585957 0 0 0 -14620584932 0 1680587825 0 -9983816329 0 
6661038621 0 -13742833830 0 5763063277 0 0 0 -7209308289 0 -6355400040 0 -8401981799 0 1833246 0 5967730 0 257543046 0 0 0 255406652 0 192083563 0 161600515 0 22955758 0 214691341 0 
71185151 0 0 0 47270416 0 65180464 0 94982919 0 221204155 0 258854194 0 63741173 0 0 0 76510642 0 126066931 0 24058753 0 193607436 0 42824908 0 59978163 0 0 0 30856809 0 117069362 0 
6098032 0 201851260 0 102865174 0 209005297 0 0 0 112167924 0 29114750 0 204614272 0 219575507 0 42522140 0 1834261 0 0 0 17054195 0 154459559 0 35853751 0 119368316 0 33952942 0 
60853320 0 0 0 189386972 0 256111883 0 129643251 0 147010374 0 86711790 0 103400860 0 0 0 227026216 0 53545486 0 111391446 0 168928415 0 226696143 0 220323410 0 0 0 20394295 0 
139248388 0 181093618 0 3500374 0 1693545 0 1447292 0 0 0 824992 0 1946148 0 1992630 0 304419 0 1467485 0 1696593 0 0 0 1642872 0 434975 0 1240790 0 927608 0 302133 0 800862 0 0 0 
479679 0 1254887 0 1237869 0 1759331 0 1840738 0 1693164 0 0 0 533146 0 356616 0 1128649 0 2004695 0 1554353 0 737489 0 0 0 232664 0 480695 0 1723517 0 1143381 0 12446 0 439547 0 0 0
527177 0 734187 0 1296924 0 1471930 0 1768602 0 684022 0 0 0 1740789 0 367665 0 301498 0 934847 0 2035810 0 326517 0 0 0 166624 0 1765554 0 318262 0 1710944 0 808228 0 872490 0 0 0 
1995678 0 432562 0 300482 0 1153033 0 11684 0 2159 0 0 0 5334 0 4064 0 11303 0 4318 0 4699 0 6985 0 0 0 2413 0 14351 0 2413 0 5207 0 5715 0 12319 0 0 0 3810 0 10795 0 3937 0 14351 0 
6731 0 3429 0 0 0 7874 0 13589 0 2921 0 11049 0 1143 0 15875 0 0 0 15367 0 3175 0 13970 0 127 0 7620 0 1016 0 0 0 14732 0 15367 0 8255 0 1143 0 4445 0 1524 0 0 0 9525 0 762 0 3556 0 
2286 0 5715 0 1524 0 0 0 10922 0 9398 0 14097 0 11303 0 14859 0 11938 0 0 0 5461 0 7747 0 2667 0 10795
