0 627729018733 0 24349128721 0 -1554117022189 0 0 0 -536602890089 0 -2000170066327 0 2050331327701 0 -680878602934 0 -1445907554331 0 -1659197886195 0 0 0 1156681519881 0 
1793919627165 0 -1531781167826 0 -1143446448942 0 -1335339527563 0 440753745872 0 0 0 -1536664817571 0 -135212531962 0 1731611912182 0 802981224870 0 -1651757784235 0 
1215856921596 0 0 0 -1542083743360 0 -45673174465 0 -1982586117497 0 -757020189792 0 1407827875855 0 1291300798140 0 0 0 1506977199273 0 631190232664 0 -2027005157310 0 
1374798200868 0 803935684099 0 1399102797166 0 0 0 -538248292310 0 581686826083 0 -716823892105 0 -1574700035760 0 1439977843686 0 -196468933325 0 0 0 967124991705 0 
-158197272759 0 -1536932985183 0 -162876106937 0 -313319211181 0 1644882690162 0 0 0 1034522987846 0 1093937910418 0 -1604222198839 0 -1943377032720 0 -1990273690514 0 
-986644240703 0 0 0 628208396489 0 -1869307070751 0 335587580919 0 8042893745 0 12422136446 0 9741100406 0 0 0 4880913784 0 20455042783 0 20854881582 0 4683313976 0 
201206227 0 10674632829 0 0 0 6671644391 0 8439541541 0 23373636514 0 23159684186 0 19534445945 0 5589941195 0 0 0 18802811391 0 1737868635 0 14011348914 0 29117169096 0 
15293108479 0 20665221560 0 0 0 10630796366 0 30958908872 0 22663255664 0 24705479799 0 1179686109 0 17615904570 0 0 0 638536696 0 3210098736 0 7827112489 0 28025091905 0 
7955424526 0 27443690096 0 0 0 23467016693 0 29326880005 0 250257437 0 11143575122 0 184917969 0 15388723858 0 0 0 30345146828 0 13123661205 0 17053049333 0 17144031117 0 
2114276696 0 15473749977 0 0 0 8072213345 0 30932600441 0 8320239646 0 939070639 0 27446654911 0 1432605212 0 0 0 25226522064 0 12738567741 0 19536777919 0 1091804776 0 
32419290 0 200614661 0 0 0 29260038 0 15946501 0 60887864 0 141381861 0 135823960 0 162525202 0 0 0 198408417 0 233391964 0 65988819 0 237872143 0 247864249 0 97419541 0 0 0
131593082 0 103950516 0 29010610 0 105862120 0 180006371 0 234660948 0 0 0 160777174 0 56327294 0 246952770 0 236721777 0 241875691 0 11263757 0 0 0 254306451 0 228010847 0 
222493205 0 145817336 0 73764013 0 195371466 0 0 0 242173887 0 111999649 0 22464903 0 210628230 0 184715404 0 9058021 0 0 0 139542520 0 197407911 0 121496201 0 214441024 0 
26956512 0 248909459 0 0 0 237918371 0 168017571 0 187811283 0 3834003 0 46901227 0 44252515 0 0 0 144623282 0 203520167 0 75594845 0 236128179 0 1140714 0 1191387 0 0 0 
70104 0 100584 0 172466 0 65405 0 1632458 0 314579 0 0 0 1986407 0 1553464 0 1605788 0 208534 0 87630 0 1255649 0 0 0 680720 0 1283462 0 1644650 0 1472565 0 675640 0 175133 
0 0 0 1871853 0 1156716 0 1351026 0 269240 0 1114552 0 578993 0 0 0 2030349 0 1993519 0 156464 0 249555 0 1361313 0 1250442 0 0 0 24130 0 478028 0 1138174 0 1262253 0 
1131062 0 1305941 0 0 0 1845818 0 1914525 0 1249934 0 1879600 0 1252093 0 429768 0 0 0 1310513 0 1932559 0 314198 0 2009902 0 1011936 0 570357 0 0 0 925576 0 578104 0 
1515999 0 865759 0 1483868 0 9144 0 0 0 8001 0 8128 0 4064 0 12954 0 8382 0 11811 0 0 0 12065 0 6350 0 14478 0 9652 0 7747 0 3683 0 0 0 127 0 381 0 13208 0 14478 0 14224 0 
5461 0 0 0 13843 0 508 0 5715 0 12065 0 16002 0 12446 0 0 0 4318 0 2413 0 4699 0 2159 0 4318 0 2159 0 0 0 5715 0 1270 0 3810 0 15367 0 12700 0 508 0 0 0 12700 0 1397 0 2921 
0 6477 0 2921 0 5842 0 0 0 9779 0 7112 0 9652 0 12446 0 12827 0 1524 0 0 0 7874 0 6604 0 8763 0 12065
