0 -2097932261471585311 0 2641713195342365022 0 -1107674963407561831 0 0 0 -1569752292068072834 0 971301330768894575 0 273176958998536156 0 1714670773529233564 0 1752511266856829735 0
-3891104400178655768 0 0 0 -2070871759035879400 0 30903254767112471 0 4202873933264890394 0 -75602155682574694 0 -2581082824906573079 0 2687079518474830535 0 0 0 -2664649781031423716
0 3391028539074754585 0 3780414065607582252 0 -1770961716017959973 0 2233949168113800094 0 2239109781047110354 0 0 0 -4254238526206812361 0 -3902551227794406743 0 823813209612875050 
0 -3129831841745022837 0 -1668181505542114373 0 -3535634193170022530 0 0 0 -2414891649590517992 0 -590712810571910463 0 4011606565599842535 0 -1748179354771042964 0 
3902964945504038122 0 1987815610614399502 0 0 0 -3161788884600057457 0 1110213668546742363 0 -2850142657958930682 0 -2993699535837592822 0 -3984822384031359672 0 -92442382883931391 0
0 0 -3246088468504917447 0 -630251461999401701 0 -1340682617499867334 0 -2511159533347382297 0 3054736586646220513 0 -2753367969434597040 0 0 0 -4177285054591459012 0 
4208440215432664982 0 -1888890535036376763 0 3957444284034258587 0 -1093558455236656991 0 -3695671863123856034 0 0 0 -1914372569791150207 0 -462710233880978574 0 -925936123752717907 
0 61431858535542282 0 21881499951251281 0 64778280955517685 0 0 0 27060956030491760 0 67249943493534513 0 29270568738773126 0 27520209620949976 0 13856676706060173 0 
18587351826132082 0 0 0 9864742044505408 0 55852663601312988 0 33858171540426490 0 55449567731170425 0 13554454819484327 0 64905705917661790 0 0 0 55138976900951880 0 
30069506276757440 0 14497068121126445 0 65985502253650016 0 52831424162725972 0 4781294569428058 0 0 0 53855403635607609 0 23481891285126296 0 8961934514221108 0 36742680909472160 0 
44376728599036491 0 9952566188133376 0 0 0 54120460284761983 0 38478098513121248 0 58875657159734404 0 43145708485291955 0 54298086379837505 0 51164836357941522 0 0 0 
20818390022289082 0 41599648079586972 0 65383077690656492 0 30160482735224657 0 24894374591892031 0 25350608047983492 0 0 0 54089820191315089 0 60015012449107533 0 59801021841754196 
0 34906137258663074 0 5123634180882848 0 54490753476009654 0 0 0 35808948337889857 0 5851910640207636 0 49323032433662656 0 346106580664296 0 84927979402274 0 37202302825016940 0 0 0
30494569895744580 0 56717250783274485 0 40636292402671115 0 23830577213767268 0 41874707202031 0 112959546612713 0 0 0 458509038434115 0 250921743939862 0 356786232850161 0 
148988786371590 0 372904297427785 0 151948222870536 0 0 0 508487424570361 0 474764393038657 0 400609228465361 0 93792461832151 0 441919896437713 0 286864220893982 0 0 0 6838776878045
0 115361311899216 0 209053228630578 0 102775160373322 0 238516404622447 0 159762316119255 0 0 0 475246280525350 0 36989659631531 0 109112306619629 0 382053924636495 0 435626934025695
0 513752419651094 0 0 0 142408015348246 0 12722034485268 0 42766554584703 0 513555549551820 0 471259992708000 0 10988055560675 0 0 0 370730405912229 0 390793321562670 0 
125281945810639 0 8619076440502 0 265884387872909 0 205080410211994 0 0 0 342096147801129 0 530759475734450 0 303009089911139 0 466338429316704 0 164027800304170 0 408239623133421 0 
0 0 59350280102225 0 263488068173686 0 72041939462188 0 342405834610380 0 174437801592330 0 117591565251502 0 0 0 89422620343378 0 412523792435398 0 96144961917337 0 465799292744992 
0 2765137207205 0 2836570633299 0 0 0 1430517407565 0 1621878462993 0 1290043908604 0 3967041281167 0 1299139777636 0 705484817120 0 0 0 2980915407093 0 3302276431502 0 886645239025 
0 1402174677230 0 3907260564559 0 2783615860621 0 0 0 967719712004 0 527497559430 0 2442938440250 0 2987418411613 0 2715787105245 0 3914811505388 0 0 0 1172524474733 0 2350169939986 
0 2938240679641 0 3961458668253 0 4109811607005 0 2346002281697 0 0 0 2808379374086 0 3758656771216 0 2565365443427 0 2641382528121 0 2656935971106 0 2824047728576 0 0 0 946299055836
0 4158454937074 0 547960445606 0 608236264729 0 1502174087721 0 92678238316 0 0 0 3853716326715 0 2505246487465 0 818120107343 0 3690282508168 0 363697098614 0 4062430779491 0 0 0 
3091477385613 0 2633999068542 0 2171066906397 0 4183717281139 0 3667511613400 0 2927831718112 0 0 0 1727185159923 0 1312072835590 0 727588751830 0 2458852814949 0 1509569980854 0 
25808077416 0 0 0 11909299016 0 26677509891 0 27746845954 0 4306920774 0 27861067976 0 24962473443 0 0 0 28866161724 0 15267069161 0 19840131897 0 645769473 0 23441843134 0 
20789634824 0 0 0 801997507 0 5922240505 0 12356169979 0 4636257301 0 9398560705 0 19605978060 0 0 0 23888492482 0 18682466572 0 10780238409 0 13622658302 0 1989565490 0 12079391386 
0 0 0 7767818983 0 31687112267 0 29287484478 0 27011633810 0 10443981017 0 2224763267 0 0 0 14257388681 0 24449669922 0 15214425883 0 6186077544 0 9885782108 0 10361816843 0 0 0 
25251767251 0 3190986633 0 30854247410 0 16759535950 0 17703933858 0 1965626879 0 0 0 26999920600 0 13511733835 0 28641423540 0 28558931579 0 29001613320 0 28241979838 0 0 0 
8031864937 0 18837390697 0 5169758012 0 18358917816 0 19035445800 0 20579207 0 0 0 228442901 0 210613371 0 119221123 0 231441625 0 139166092 0 100860352 0 0 0 11186795 0 183947308 0 
72727566 0 87064469 0 122291856 0 66746120 0 0 0 124470160 0 234101259 0 135590153 0 185006869 0 94069789 0 130865626 0 0 0 27226387 0 58210577 0 182149115 0 45832903 0 256461514 0 
258214368 0 0 0 100596065 0 6606794 0 185431811 0 65869185 0 124143516 0 81113503 0 0 0 49527587 0 9805797 0 34365438 0 105411778 0 254928624 0 181855745 0 0 0 156611193 0 24233759 0
145161381 0 42077386 0 239649000 0 157851602 0 0 0 200730358 0 164708586 0 76054585 0 56897143 0 19716496 0 158464504 0 0 0 112158526 0 222353886 0 17240758 0 238925862 0 255822069 0
208580228 0 0 0 1182878 0 941578 0 1496314 0 394208 0 128651 0 443357 0 0 0 879983 0 1577213 0 245110 0 1172464 0 33147 0 1157605 0 0 0 1382014 0 709930 0 516001 0 652272 0 86360 0 
1591818 0 0 0 177800 0 148590 0 247269 0 1237234 0 460248 0 2028825 0 0 0 252222 0 1923796 0 574167 0 1013460 0 1376172 0 543687 0 0 0 827659 0 2043938 0 685546 0 434975 0 1734185 0 
908431 0 0 0 722630 0 825500 0 1330071 0 1447419 0 375285 0 516890 0 0 0 603250 0 2009648 0 801497 0 873125 0 578485 0 584581 0 0 0 1740916 0 1522730 0 1913636 0 921893 0 1564513 0 
370967 0 0 0 2286 0 8128 0 3302 0 14986 0 11811 0 8382 0 0 0 9144 0 15494 0 3556 0 635 0 4572 0 635 0 0 0 2286 0 6731 0 12827 0 2540 0 9652 0 15875 0 0 0 7747 0 12573 0 13335 0 13081
0 10795 0 1651 0 0 0 9271 0 8763 0 9525 0 1143 0 8636 0 9525 0 0 0 12065 0 9144 0 11557 0 1905 0 14859 0 14224 0 0 0 4826 0 10287 0 889 0 11049 0 12319 0 15875 0 0 0 15494 0 11303 0 
10795 0 13970 0 6477 0 7874 0 0 0 10414 0 14224 0 5334 0 13843
