0 -67133966635024 0 -207240065938394 0 55251712447967 0 0 0 -88676447730951 0 226989839212327 0 131936055916159 0 -163175679831503 0 258039615674372 0 40886253713105 0 0 0 
132970924522440 0 -161852911911639 0 233460476396249 0 187814605311745 0 -223219912312267 0 -31794437117882 0 0 0 -10719808519827 0 147505765150567 0 -21240181793491 0 
-202285727716280 0 -85215590011583 0 112480186497140 0 0 0 217848670615097 0 -229748081812417 0 2193408165753 0 104937347954450 0 -228800318624889 0 -194049197829708 0 0 0 
12469793388659 0 -159832514253560 0 -111292904331323 0 149980744756224 0 66391926006332 0 209786654945409 0 0 0 171384379356667 0 127796152812568 0 172025546465491 0 
-210005256493727 0 136203925733463 0 253164475157718 0 0 0 -259306829798308 0 -59428839085696 0 -78669807137973 0 -42511801064239 0 249029724651518 0 17430883428232 0 0 0 
93973903400814 0 42388161866001 0 -5968406351200 0 -67855610847054 0 165717251425134 0 -158636900867550 0 0 0 -73247214530170 0 -64681213510314 0 -96892730474121 0 
3457456004557 0 1661050532731 0 1933394342881 0 0 0 25108203657 0 1802613309549 0 195366875585 0 3035508378679 0 656799518123 0 3594918770524 0 0 0 2436180369438 0 
4187093414341 0 4172536316328 0 4063733537871 0 3717782258604 0 2859559420697 0 0 0 808714526078 0 3386851208504 0 1983770317440 0 1684769632105 0 3834466811366 0 
2020816601234 0 0 0 2985306884721 0 3143007983847 0 29488872188 0 3418465702679 0 3629145923177 0 2332809370694 0 0 0 1598522991416 0 1020333151989 0 156209169547 0 
2441222829508 0 1547299708290 0 1418992302218 0 0 0 107838115286 0 2870342828010 0 3466940834710 0 2835478735686 0 3699684621444 0 2580129540772 0 0 0 157881102703 0 
541418667224 0 1612742919923 0 401313555512 0 2409105213784 0 986360563978 0 0 0 3571474255056 0 666232512084 0 146970011241 0 2942892801401 0 150255300835 0 2395810730594 0
0 0 2539466947091 0 4055594316278 0 739211560182 0 1361961083159 0 17858932024 0 12804732455 0 0 0 6077829221 0 632186315 0 11815500880 0 20815652298 0 1964908821 0 
24905008483 0 0 0 24374159659 0 24996769285 0 23363647202 0 11678382790 0 1000347631 0 10063105350 0 0 0 1581952767 0 25230470367 0 22458165777 0 31234412512 0 23085342577 0
24271981936 0 0 0 15847347782 0 13128799752 0 13194150396 0 4748320958 0 3117771006 0 14934169903 0 0 0 26976032662 0 3395023055 0 24840042776 0 32307802415 0 6512606863 0 
14729487432 0 0 0 23833011389 0 16525351887 0 17451586128 0 8592428459 0 463542126 0 22408007508 0 0 0 2417019296 0 256830957 0 11348349795 0 6003037524 0 2238788639 0 
26760522298 0 0 0 2381286703 0 29278498085 0 29592041781 0 32026427692 0 4452109333 0 8364730159 0 0 0 31422669819 0 26791830719 0 3606983261 0 13454198263 0 76753466 0 
134790053 0 0 0 237230285 0 225004249 0 67826128 0 129866263 0 171075858 0 164152453 0 0 0 7686802 0 245029355 0 39642669 0 87465154 0 179199159 0 145162524 0 0 0 35447097 0
206793592 0 242428014 0 27924379 0 167067484 0 48983392 0 0 0 149334093 0 148883624 0 106272457 0 54918991 0 166422832 0 228352223 0 0 0 196976111 0 244280944 0 202250802 0 
118861205 0 192714880 0 11653774 0 0 0 198993887 0 165270053 0 172255942 0 66977387 0 80174592 0 164601652 0 0 0 21864447 0 68184776 0 244599206 0 238932339 0 127899160 0 
91005660 0 0 0 151066627 0 96248474 0 257282442 0 164400230 0 177068861 0 259414264 0 0 0 64251840 0 241455829 0 34346261 0 100672265 0 111532035 0 370967 0 0 0 613156 0 
1612519 0 1499743 0 1338199 0 641350 0 12065 0 0 0 89281 0 50419 0 197612 0 687705 0 1814703 0 1380744 0 0 0 1028192 0 1874139 0 234188 0 1578864 0 1431036 0 1609344 0 0 0 
8382 0 1959483 0 891667 0 1162939 0 1668145 0 415925 0 0 0 1418336 0 1366520 0 1683131 0 34925 0 1835404 0 445643 0 0 0 948055 0 274447 0 1235075 0 964184 0 732790 0 634746 
0 0 0 640461 0 293624 0 1602232 0 633095 0 1590548 0 1911350 0 0 0 1454150 0 486156 0 267208 0 1381633 0 1572895 0 1329309 0 0 0 1586611 0 688467 0 2012950 0 1673225 0 
1677416 0 14732 0 0 0 8001 0 14605 0 10541 0 9144 0 8890 0 3175 0 0 0 13589 0 10541 0 14986 0 16002 0 6350 0 11684 0 0 0 4064 0 2667 0 4191 0 6477 0 508 0 8255 0 0 0 4318 0 
11430 0 9906 0 14986 0 14732 0 3175 0 0 0 13970 0 11049 0 12700 0 6350 0 1524 0 11303 0 0 0 5080 0 3429 0 11811 0 13462 0 1143 0 8636 0 0 0 254 0 15748 0 15621 0 10160 0 
14732 0 12446 0 0 0 14351 0 4191 0 9779 0 10033 0 889 0 8636 0 0 0 381 0 15240 0 12065 0 6477
