0 11449692206039263172 0 -9032975166010214544 0 -19944324424849178552 0 -18654555090443710744 0 4751788464133721740 0 6659140163728987835 0 -16798743560006617162 0 
-22639084238761082967 0 2504623652438142745 0 1483158191965343363 0 1742017973866611103 0 1722495454733422704 0 511560280745953162 0 2519601961616663637 0 
1414225652250482970 0 1941380054986012870 0 1180190519800859529 0 38048418783502602 0 156490693761219112 0 117323810318999626 0 30030769957913012 0 35192248399140575 0 
48645357703258633 0 27540692819828911 0 17184806715643601 0 3026541824528683 0 1428101285165521 0 8923123691509117 0 7577474705286270 0 5136385997670006 0 8923926270993655 0
6955578784308574 0 9329390694393483 0 4291704544568170 0 317837352754725 0 326030073198708 0 395926035358702 0 326893654255302 0 357429707612222 0 172252401294583 0 
428861805938553 0 75561768079969 0 32940011786210 0 24373183610830 0 13045857607934 0 5098115201670 0 25537587916946 0 21448035477002 0 21153994702469 0 14414732999673 0 
1274284281997 0 1081577646245 0 1008478305879 0 461794973298 0 60916471671 0 1658410313705 0 1021189181637 0 404845766756 0 616404335486 0 63059432137 0 81831336646 0 
106371209541 0 92889572823 0 12316807003 0 62853256154 0 38417535850 0 49064825298 0 75753452786 0 4573401880 0 6099861154 0 1645627846 0 4628106010 0 138553621 0 836337389 
0 3450056568 0 2969372694 0 336531983 0 366910932 0 348358577 0 251194159 0 358198891 0 42177238 0 381386653 0 215076690 0 324639480 0 14002339 0 13398040 0 9167148 0 
3155999 0 10432322 0 14182097 0 19941289 0 6487472 0 954992 0 1300789 0 1195168 0 801618 0 1367259 0 145945 0 330905 0 126871 0 930580 0 3757 0 51969 0 79322 0 47685 0 22831
0 10404 0 47396 0 38726 0 1394 0 323 0 3553 0 3468 0 2890 0 4335 0 2601 0 3179 0 4046 0 119 0 102
